73
Unknown
0 
Unknown
1 32 378 407 206 3 229 316 416 13 207 213 450 262 427 409 45 241 364 540 304 96 106 158 203 226 426 83 17 245 208 492 11 470 88 300 337 14 468 55 442 283 612 16 47 491 46 227 19 460 478 18 67 343 436 21 368 246 29 266 503 23 502 595 33 496 51 198 621 302 355 438 488 314 493 184 273 308 591 371 504 119 250 275 320 390 400 424 63 467 479 225 362 35 130 107 116 195 136 199 69 196 376 204 286 433 448 588 256 444 605 64 76 166 147 549 101 177 148 597 221 324 359 142 565 580 132 547 584 188 90 518 296 124 134 178 202 566 40 480 54 382 472 89 151 545 562 161 546 282 182 179 251 259 110 418 617 165 180 573 555 551 585 217 220 230 252 264 563 295 253 567 240 292 531 593 554 66 495 537 103 113 514 532 592 332 527 528 109 521 123 494 257 439 239 370 150 440 607 85 393 7 214 102 154 535 167 552 187 581 623 190 590 249 289 557 576 616 602 138 216 560 575 339 520 318 437 366 25 79 353 77 112 201 118 553 121 197 122 200 139 39 44 598 176 185 582 263 505 408 463 482 486 43 519 589 93 311 322 71 447 465 294 477 461 95 276 568 281 98 146 137 534 104 169 183 490 574 212 149 
Unknown
2 303 523 82 578 517 604 536 288 464 469 473 248 298 171 538 100 
Unknown
4 6 30 31 618 27 74 287 328 145 160 445 451 558 587 577 456 265 529 610 522 228 222 614 237 412 392 415 284 272 233 603 335 484 232 541 542 462 157 586 594 255 398 97 5 572 254 
Unknown
8 
Unknown
9 22 319 601 375 34 
Unknown
10 42 49 205 413 513 290 356 325 326 399 329 330 394 406 405 331 327 341 395 396 397 404 333 358 533 342 261 336 291 349 500 363 56 454 59 509 420 481 410 15 483 242 244 243 476 512 297 471 474 37 12 24 508 28 425 57 224 622 350 62 92 417 293 379 452 219 285 234 475 306 459 453 615 86 497 38 369 70 348 609 36 48 498 428 307 347 87 599 365 115 211 340 73 569 80 510 135 315 526 530 346 94 247 489 279 423 53 380 41 441 385 403 457 458 402 258 389 431 260 539 559 443 606 269 270 352 344 516 313 
Unknown
20 111 126 133 141 163 140 129 105 156 231 321 170 548 391 153 172 181 125 
Unknown
26 501 238 422 449 274 432 131 
Unknown
50 
Unknown
52 
Unknown
58 215 218 301 556 
Unknown
60 61 
Unknown
65 354 411 164 384 
Unknown
68 506 78 81 435 
Unknown
72 
Unknown
75 372 
Unknown
84 
Unknown
91 
Unknown
99 
Unknown
108 
Unknown
114 144 152 173 570 583 191 564 117 596 
Unknown
120 511 
Unknown
127 377 
Unknown
128 
Unknown
143 338 175 550 
Unknown
155 
Unknown
159 235 323 
Unknown
162 
Unknown
168 309 507 334 600 
Unknown
174 373 271 446 360 236 186 
Unknown
189 
Unknown
192 387 
Unknown
193 
Unknown
194 351 361 
Unknown
209 
Unknown
210 
Unknown
223 
Unknown
267 414 
Unknown
268 
Unknown
277 
Unknown
278 310 544 401 
Unknown
280 
Unknown
299 
Unknown
305 
Unknown
312 
Unknown
317 
Unknown
345 
Unknown
357 499 
Unknown
367 383 
Unknown
374 
Unknown
381 
Unknown
386 
Unknown
388 
Unknown
419 
Unknown
421 
Unknown
429 
Unknown
430 
Unknown
434 
Unknown
455 
Unknown
466 
Unknown
485 
Unknown
487 
Unknown
515 
Unknown
524 
Unknown
525 613 
Unknown
543 
Unknown
561 
Unknown
571 
Unknown
579 
Unknown
608 611 
Unknown
619 
Unknown
620 
